1 1 : 0.0209764 0.822169 0.156855 
2 2 : 0.0640247 0.782624 0.153351 
3 3 : 0.00683809 0.883513 0.109649 
4 4 : 0.0283079 0.960801 0.0108909 
5 5 : 0.0515324 0.881413 0.067055 
6 6 : 0.0676019 0.932366 3.25677e-05 
7 7 : 0.00835427 0.873715 0.117931 
8 8 : 0.0473722 0.875883 0.0767445 
9 9 : 0.0464978 0.819789 0.133714 
10 10 : 0.0365405 0.832216 0.131244 
11 11 : 0.0157042 0.895514 0.0887819 
12 12 : 0.0537135 0.897178 0.0491083 
13 13 : 0.0594835 0.938443 0.00207365 
14 14 : 0.0557558 0.902763 0.0414811 
15 15 : 0.120144 0.803135 0.0767218 
16 16 : 7.383e-06 0.968789 0.0312037 
17 17 : 0.00438384 0.931901 0.0637154 
18 18 : 0.131258 0.86398 0.00476222 
19 19 : 0.0287605 0.809145 0.162095 
20 20 : 0.164845 0.835155 2.76515e-07 
21 21 : 0.071658 0.905893 0.0224494 
22 22 : 0.0588445 0.858862 0.0822938 
23 23 : 0.000326108 0.912687 0.0869873 
24 24 : 0.122331 0.827764 0.0499054 
25 25 : 1.63969e-08 0.97029 0.0297105 
26 26 : 0.0957504 0.819098 0.0851516 
27 27 : 5.52499e-07 0.999999 4.38685e-07 
28 28 : 0.0927134 0.904941 0.0023455 
29 29 : 2.16927e-08 0.999999 9.47092e-07 
30 30 : 0.00703108 0.992969 1.50137e-08 
31 31 : 5.84972e-07 0.999999 3.61335e-07 
32 32 : 0.0569836 0.79596 0.147057 
33 33 : 0.0738514 0.916018 0.0101305 
34 34 : 2.74713e-13 0.942045 0.0579554 
35 35 : 7.98976e-08 0.844423 0.155577 
36 36 : 0.0862512 0.853712 0.0600371 
37 37 : 0.0479388 0.881828 0.0702332 
38 38 : 0.00323858 0.938648 0.0581137 
39 39 : 0.10287 0.817881 0.0792489 
40 40 : 0.0022393 0.908609 0.0891517 
41 41 : 0.0169759 0.936138 0.0468863 
42 42 : 0.0207281 0.866919 0.112353 
43 43 : 0.000613587 0.923353 0.0760337 
44 44 : 0.0284651 0.896455 0.0750799 
45 45 : 0.0579806 0.813837 0.128183 
46 46 : 0.0722078 0.857273 0.0705192 
47 47 : 0.136654 0.863346 8.40044e-25 
48 48 : 0.181179 0.818807 1.36073e-05 
49 49 : 2.41823e-05 0.993932 0.00604355 
50 50 : 0.00492754 0.809338 0.185735 
51 51 : 8.69967e-09 0.865879 0.134121 
52 52 : 0.0357252 0.95823 0.00604518 
53 53 : 0.0476648 0.908553 0.0437824 
54 54 : 4.37427e-14 0.899401 0.100599 
55 55 : 2.11572e-18 0.827536 0.172464 
56 56 : 0.133178 0.803637 0.0631848 
57 57 : 0.0773193 0.837887 0.0847942 
58 58 : 0.0379964 0.857511 0.104492 
59 59 : 0.00189972 0.902683 0.095417 
60 60 : 3.07978e-08 0.965596 0.0344041 
61 61 : 0.798518 0.04476 0.156722 
62 62 : 0.892593 0.0933666 0.0140408 
63 63 : 0.855972 0.0274964 0.116532 
64 64 : 0.928931 0.0486894 0.0223797 
65 65 : 0.897008 4.16054e-09 0.102992 
66 66 : 0.931093 0.0689074 1.65692e-10 
67 67 : 0.883025 0.0348323 0.0821431 
68 68 : 0.853477 0.146353 0.000169622 
69 69 : 0.867108 0.00797524 0.124917 
70 70 : 0.897482 1.31791e-11 0.102518 
71 71 : 0.850678 0.0641114 0.0852107 
72 72 : 0.885345 0.114655 3.99187e-11 
73 73 : 0.830515 0.118639 0.0508463 
74 74 : 0.880944 0.0476442 0.0714122 
75 75 : 0.879518 4.01702e-05 0.120442 
76 76 : 0.78414 0.160157 0.0557037 
77 77 : 0.864243 0.102163 0.0335931 
78 78 : 0.999999 6.35867e-10 9.8505e-07 
79 79 : 0.894197 0.0258734 0.0799296 
80 80 : 0.89447 0.105466 6.37592e-05 
81 81 : 0.966198 0.0338022 1.62002e-09 
82 82 : 0.840743 0.159257 3.78244e-10 
83 83 : 0.851744 1.2543e-06 0.148255 
84 84 : 0.85229 0.0212619 0.126448 
85 85 : 0.818091 0.181909 1.8356e-10 
86 86 : 0.807199 0.141451 0.0513493 
87 87 : 0.892437 6.59007e-08 0.107563 
88 88 : 0.981396 6.00207e-10 0.018604 
89 89 : 0.808264 0.191736 3.32026e-07 
90 90 : 0.876425 0.123575 4.45591e-10 
91 91 : 0.814983 1.20881e-05 0.185005 
92 92 : 0.938447 1.34786e-10 0.0615534 
93 93 : 0.896471 0.0677268 0.0358024 
94 94 : 0.845009 0.118438 0.036553 
95 95 : 0.858962 0.0779453 0.063093 
96 96 : 0.879431 3.70531e-11 0.120569 
97 97 : 0.999997 3.38889e-08 2.81965e-06 
98 98 : 0.956746 0.0432516 2.48969e-06 
99 99 : 0.943157 7.49384e-07 0.0568426 
100 100 : 0.907589 0.0480007 0.0444102 
101 101 : 0.877348 0.112129 0.0105227 
102 102 : 0.904662 0.000273407 0.0950649 
103 103 : 0.923424 1.20991e-13 0.0765758 
104 104 : 0.789493 0.0669677 0.143539 
105 105 : 0.823053 0.123963 0.052984 
106 106 : 0.929779 0.0266721 0.0435493 
107 107 : 0.94009 0.0595023 0.000408172 
108 108 : 0.938362 0.0616378 8.71427e-13 
109 109 : 0.858376 0.140892 0.000732532 
110 110 : 0.872656 0.0283021 0.0990415 
111 111 : 0.797992 0.135837 0.0661712 
112 112 : 0.942979 0.0511367 0.00588441 
113 113 : 0.87673 0.0826256 0.0406448 
114 114 : 0.808056 0.142101 0.0498427 
115 115 : 0.874064 0.0286804 0.0972553 
116 116 : 0.880936 0.11494 0.00412376 
117 117 : 0.869976 0.130024 1.89387e-08 
118 118 : 0.861009 0.035451 0.10354 
119 119 : 0.93043 4.38441e-09 0.0695701 
120 120 : 0.843193 0.149331 0.00747623 
121 121 : 0.0865514 0.0898755 0.823573 
122 122 : 0.0762972 1.23186e-06 0.923702 
123 123 : 2.08604e-05 0.0631477 0.936831 
124 124 : 0.000107257 0.086982 0.912911 
125 125 : 7.13854e-07 2.79189e-07 0.999999 
126 126 : 0.0495571 0.0370519 0.913391 
127 127 : 7.41398e-12 0.00155192 0.998448 
128 128 : 0.0433058 3.80294e-08 0.956694 
129 129 : 0.0172965 0.0343879 0.948316 
130 130 : 0.0010576 0.123012 0.87593 
131 131 : 0.0523838 4.10849e-07 0.947616 
132 132 : 0.0626817 1.27457e-07 0.937318 
133 133 : 0.0297063 0.0381324 0.932161 
134 134 : 6.36413e-15 0.0214667 0.978533 
135 135 : 0.0365376 8.38013e-16 0.963462 
136 136 : 1.2355e-06 0.101089 0.898909 
137 137 : 0.00476608 5.5854e-13 0.995234 
138 138 : 0.0735015 0.0256933 0.900805 
139 139 : 0.103481 0.0395731 0.856946 
140 140 : 0.0683448 0.0756624 0.855993 
141 141 : 0.151362 2.23214e-10 0.848638 
142 142 : 0.0847142 0.0398526 0.875433 
143 143 : 0.00240443 1.5591e-08 0.997596 
144 144 : 0.113104 0.106002 0.780894 
145 145 : 0.026456 0.00160131 0.971943 
146 146 : 0.0622227 0.0960825 0.841695 
147 147 : 1.04435e-11 0.00517013 0.99483 
148 148 : 3.65004e-06 0.108152 0.891844 
149 149 : 0.0326654 0.0470523 0.920282 
150 150 : 0.00796726 0.0723616 0.919671 
151 151 : 0.0844318 0.0549947 0.860573 
152 152 : 0.0146182 0.134045 0.851337 
153 153 : 0.00952168 0.181066 0.809412 
154 154 : 0.000732171 0.0530162 0.946252 
155 155 : 0.0340746 0.0309191 0.935006 
156 156 : 0.0184782 0.0333627 0.948159 
157 157 : 0.0749918 0.00305105 0.921957 
158 158 : 0.0903377 0.00173391 0.907928 
159 159 : 0.106913 4.21028e-11 0.893087 
160 160 : 0.112457 0.0847501 0.802793 
161 161 : 0.00132354 0.11752 0.881157 
162 162 : 0.147325 1.72188e-11 0.852675 
163 163 : 0.0746937 4.16817e-08 0.925306 
164 164 : 3.17309e-05 0.0494275 0.950541 
165 165 : 0.13231 2.0793e-12 0.86769 
166 166 : 0.101573 7.48282e-11 0.898427 
167 167 : 0.0441309 0.0481486 0.90772 
168 168 : 7.39075e-12 0.130538 0.869462 
169 169 : 0.0487644 0.0697052 0.88153 
170 170 : 1.69048e-15 0.0255803 0.97442 
171 171 : 4.04233e-12 0.09465 0.90535 
172 172 : 0.0945753 5.43613e-18 0.905425 
173 173 : 0.00752993 7.13577e-06 0.992463 
174 174 : 5.53056e-12 0.0233798 0.97662 
175 175 : 6.90755e-14 0.0591101 0.94089 
176 176 : 0.14588 0.0453665 0.808753 
177 177 : 0.0961956 0.111384 0.792421 
178 178 : 0.125018 2.34022e-09 0.874982 
179 179 : 0.000196766 0.039174 0.960629 
180 180 : 6.66418e-10 0.120725 0.879275 
181 181 : 0.371846 0.483923 0.144231 
182 182 : 0.744031 0.134827 0.121142 
183 183 : 0.197657 0.75973 0.0426131 
184 184 : 0.00289978 0.912393 0.0847069 
185 185 : 0.177361 0.822581 5.7995e-05 
186 186 : 0.19074 0.544076 0.265184 
187 187 : 0.149254 0.391569 0.459177 
188 188 : 0.387571 0.492462 0.119967 
189 189 : 0.258508 0.535449 0.206044 
190 190 : 0.652634 0.347366 8.09295e-26 
191 191 : 0.228151 0.0810022 0.690847 
192 192 : 0.834496 0.12043 0.0450737 
193 193 : 0.450457 0.491993 0.0575496 
194 194 : 0.240477 0.759516 7.24986e-06 
195 195 : 0.100938 0.129541 0.769521 
196 196 : 0.679051 0.320949 5.1413e-16 
197 197 : 0.429756 0.356768 0.213476 
198 198 : 0.338184 0.464073 0.197743 
199 199 : 0.268709 0.489811 0.241481 
200 200 : 0.585128 0.155927 0.258945 
201 201 : 0.694734 0.213077 0.0921886 
202 202 : 0.317621 0.645001 0.0373776 
203 203 : 0.111539 0.501655 0.386807 
204 204 : 0.20979 0.740614 0.0495952 
205 205 : 0.117663 0.253694 0.628643 
206 206 : 0.216361 0.171183 0.612455 
207 207 : 0.379661 0.355879 0.26446 
208 208 : 0.39967 0.405973 0.194357 
209 209 : 0.3776 0.614865 0.00753548 
210 210 : 0.5121 0.314208 0.173692 
211 211 : 0.0983131 0.772003 0.129684 
212 212 : 0.186261 0.71918 0.0945586 
213 213 : 0.213259 0.49475 0.291991 
214 214 : 0.391901 0.589354 0.0187455 
215 215 : 0.235576 0.746836 0.0175879 
216 216 : 0.15115 0.534639 0.31421 
217 217 : 0.265008 0.492213 0.242779 
218 218 : 0.29787 0.701861 0.000268591 
219 219 : 0.462381 0.47091 0.0667089 
220 220 : 0.139053 0.490998 0.369949 
221 221 : 0.316416 0.316449 0.367135 
222 222 : 0.765483 0.234342 0.000175635 
223 223 : 0.234258 0.620855 0.144887 
224 224 : 0.90239 0.0636099 0.0339997 
225 225 : 0.693255 0.237799 0.0689459 
226 226 : 0.501352 0.398467 0.100182 
227 227 : 0.553024 0.334758 0.112218 
228 228 : 0.172609 0.792734 0.0346569 
229 229 : 0.150464 0.777203 0.0723333 
230 230 : 0.392638 0.479345 0.128017 
231 231 : 0.669193 0.330502 0.000305257 
232 232 : 0.09081 0.820479 0.0887112 
233 233 : 0.260014 0.545674 0.194312 
234 234 : 0.300496 0.355663 0.343841 
235 235 : 0.644636 0.355336 2.82897e-05 
236 236 : 0.561564 0.156528 0.281908 
237 237 : 0.00342754 0.858332 0.138241 
238 238 : 0.096226 0.797016 0.106758 
239 239 : 0.745644 0.102536 0.15182 
240 240 : 0.758107 0.105175 0.136718 
241 241 : 0.212886 0.787114 1.32014e-10 
242 242 : 0.318357 0.526416 0.155227 
243 243 : 0.513622 0.296777 0.189601 
244 244 : 0.21166 0.614728 0.173612 
245 245 : 0.454735 0.5451 0.000165454 
246 246 : 0.160436 0.839564 2.79505e-15 
247 247 : 0.454287 0.545707 6.07564e-06 
248 248 : 0.215917 0.644205 0.139878 
249 249 : 0.0002384 0.317453 0.682309 
250 250 : 0.449249 0.237283 0.313468 
251 251 : 0.341839 0.478968 0.179193 
252 252 : 0.58343 0.29309 0.12348 
253 253 : 0.241764 0.625145 0.133091 
254 254 : 0.114585 0.484847 0.400568 
255 255 : 0.414005 0.314579 0.271416 
256 256 : 0.566411 0.433576 1.3617e-05 
257 257 : 0.46042 0.187497 0.352082 
258 258 : 0.149308 0.494334 0.356358 
259 259 : 0.600419 0.354839 0.0447428 
260 260 : 0.202196 0.767167 0.0306378 
261 261 : 0.709221 0.282562 0.00821687 
262 262 : 0.000202893 0.962763 0.0370346 
263 263 : 0.274439 0.332164 0.393397 
264 264 : 0.41041 0.411799 0.177791 
265 265 : 0.23276 0.603823 0.163417 
266 266 : 0.322857 0.490415 0.186728 
267 267 : 0.590176 0.283676 0.126148 
268 268 : 0.170844 0.621236 0.20792 
269 269 : 0.212599 0.727944 0.0594573 
270 270 : 0.18729 0.747772 0.0649377 
271 271 : 0.355269 0.38447 0.26026 
272 272 : 0.442918 0.361042 0.19604 
273 273 : 0.853967 0.0962014 0.0498319 
274 274 : 0.497418 0.472409 0.0301723 
275 275 : 7.85924e-14 0.434155 0.565845 
276 276 : 0.136701 0.532411 0.330888 
277 277 : 0.869447 0.0956117 0.0349416 
278 278 : 0.680213 0.259883 0.0599038 
279 279 : 0.795574 0.178649 0.0257774 
280 280 : 0.329236 0.545874 0.124889 
